# vglib_linear_system 1
# {"a_values":1216,"actual_simulation_time":0.5,"b_size":256,"cols":256,"diffusion":0.01,"generator":"eular_vulkan_spd","grid_size":16,"index_base":1,"matrix_kind":"dirichlet_pressure_poisson_spd","matrix_storage":"coordinate","non_zeros":1216,"poisson_iterations":30,"rows":256,"simulation_time":0.5,"source_solver":"eular::FluidSolver","steps":60,"time_step":0.008333333333333333,"velocity_initial_condition":"sin(2*pi*y), sin(2*pi*x)"}
A
1 1 1156.01
1 2 -289
1 17 -289
2 1 -289
2 2 1156.01
2 3 -289
2 18 -289
3 2 -289
3 3 1156.01
3 4 -289
3 19 -289
4 3 -289
4 4 1156.01
4 5 -289
4 20 -289
5 4 -289
5 5 1156.01
5 6 -289
5 21 -289
6 5 -289
6 6 1156.01
6 7 -289
6 22 -289
7 6 -289
7 7 1156.01
7 8 -289
7 23 -289
8 7 -289
8 8 1156.01
8 9 -289
8 24 -289
9 8 -289
9 9 1156.01
9 10 -289
9 25 -289
10 9 -289
10 10 1156.01
10 11 -289
10 26 -289
11 10 -289
11 11 1156.01
11 12 -289
11 27 -289
12 11 -289
12 12 1156.01
12 13 -289
12 28 -289
13 12 -289
13 13 1156.01
13 14 -289
13 29 -289
14 13 -289
14 14 1156.01
14 15 -289
14 30 -289
15 14 -289
15 15 1156.01
15 16 -289
15 31 -289
16 15 -289
16 16 1156.01
16 32 -289
17 1 -289
17 17 1156.01
17 18 -289
17 33 -289
18 2 -289
18 17 -289
18 18 1156.01
18 19 -289
18 34 -289
19 3 -289
19 18 -289
19 19 1156.01
19 20 -289
19 35 -289
20 4 -289
20 19 -289
20 20 1156.01
20 21 -289
20 36 -289
21 5 -289
21 20 -289
21 21 1156.01
21 22 -289
21 37 -289
22 6 -289
22 21 -289
22 22 1156.01
22 23 -289
22 38 -289
23 7 -289
23 22 -289
23 23 1156.01
23 24 -289
23 39 -289
24 8 -289
24 23 -289
24 24 1156.01
24 25 -289
24 40 -289
25 9 -289
25 24 -289
25 25 1156.01
25 26 -289
25 41 -289
26 10 -289
26 25 -289
26 26 1156.01
26 27 -289
26 42 -289
27 11 -289
27 26 -289
27 27 1156.01
27 28 -289
27 43 -289
28 12 -289
28 27 -289
28 28 1156.01
28 29 -289
28 44 -289
29 13 -289
29 28 -289
29 29 1156.01
29 30 -289
29 45 -289
30 14 -289
30 29 -289
30 30 1156.01
30 31 -289
30 46 -289
31 15 -289
31 30 -289
31 31 1156.01
31 32 -289
31 47 -289
32 16 -289
32 31 -289
32 32 1156.01
32 48 -289
33 17 -289
33 33 1156.01
33 34 -289
33 49 -289
34 18 -289
34 33 -289
34 34 1156.01
34 35 -289
34 50 -289
35 19 -289
35 34 -289
35 35 1156.01
35 36 -289
35 51 -289
36 20 -289
36 35 -289
36 36 1156.01
36 37 -289
36 52 -289
37 21 -289
37 36 -289
37 37 1156.01
37 38 -289
37 53 -289
38 22 -289
38 37 -289
38 38 1156.01
38 39 -289
38 54 -289
39 23 -289
39 38 -289
39 39 1156.01
39 40 -289
39 55 -289
40 24 -289
40 39 -289
40 40 1156.01
40 41 -289
40 56 -289
41 25 -289
41 40 -289
41 41 1156.01
41 42 -289
41 57 -289
42 26 -289
42 41 -289
42 42 1156.01
42 43 -289
42 58 -289
43 27 -289
43 42 -289
43 43 1156.01
43 44 -289
43 59 -289
44 28 -289
44 43 -289
44 44 1156.01
44 45 -289
44 60 -289
45 29 -289
45 44 -289
45 45 1156.01
45 46 -289
45 61 -289
46 30 -289
46 45 -289
46 46 1156.01
46 47 -289
46 62 -289
47 31 -289
47 46 -289
47 47 1156.01
47 48 -289
47 63 -289
48 32 -289
48 47 -289
48 48 1156.01
48 64 -289
49 33 -289
49 49 1156.01
49 50 -289
49 65 -289
50 34 -289
50 49 -289
50 50 1156.01
50 51 -289
50 66 -289
51 35 -289
51 50 -289
51 51 1156.01
51 52 -289
51 67 -289
52 36 -289
52 51 -289
52 52 1156.01
52 53 -289
52 68 -289
53 37 -289
53 52 -289
53 53 1156.01
53 54 -289
53 69 -289
54 38 -289
54 53 -289
54 54 1156.01
54 55 -289
54 70 -289
55 39 -289
55 54 -289
55 55 1156.01
55 56 -289
55 71 -289
56 40 -289
56 55 -289
56 56 1156.01
56 57 -289
56 72 -289
57 41 -289
57 56 -289
57 57 1156.01
57 58 -289
57 73 -289
58 42 -289
58 57 -289
58 58 1156.01
58 59 -289
58 74 -289
59 43 -289
59 58 -289
59 59 1156.01
59 60 -289
59 75 -289
60 44 -289
60 59 -289
60 60 1156.01
60 61 -289
60 76 -289
61 45 -289
61 60 -289
61 61 1156.01
61 62 -289
61 77 -289
62 46 -289
62 61 -289
62 62 1156.01
62 63 -289
62 78 -289
63 47 -289
63 62 -289
63 63 1156.01
63 64 -289
63 79 -289
64 48 -289
64 63 -289
64 64 1156.01
64 80 -289
65 49 -289
65 65 1156.01
65 66 -289
65 81 -289
66 50 -289
66 65 -289
66 66 1156.01
66 67 -289
66 82 -289
67 51 -289
67 66 -289
67 67 1156.01
67 68 -289
67 83 -289
68 52 -289
68 67 -289
68 68 1156.01
68 69 -289
68 84 -289
69 53 -289
69 68 -289
69 69 1156.01
69 70 -289
69 85 -289
70 54 -289
70 69 -289
70 70 1156.01
70 71 -289
70 86 -289
71 55 -289
71 70 -289
71 71 1156.01
71 72 -289
71 87 -289
72 56 -289
72 71 -289
72 72 1156.01
72 73 -289
72 88 -289
73 57 -289
73 72 -289
73 73 1156.01
73 74 -289
73 89 -289
74 58 -289
74 73 -289
74 74 1156.01
74 75 -289
74 90 -289
75 59 -289
75 74 -289
75 75 1156.01
75 76 -289
75 91 -289
76 60 -289
76 75 -289
76 76 1156.01
76 77 -289
76 92 -289
77 61 -289
77 76 -289
77 77 1156.01
77 78 -289
77 93 -289
78 62 -289
78 77 -289
78 78 1156.01
78 79 -289
78 94 -289
79 63 -289
79 78 -289
79 79 1156.01
79 80 -289
79 95 -289
80 64 -289
80 79 -289
80 80 1156.01
80 96 -289
81 65 -289
81 81 1156.01
81 82 -289
81 97 -289
82 66 -289
82 81 -289
82 82 1156.01
82 83 -289
82 98 -289
83 67 -289
83 82 -289
83 83 1156.01
83 84 -289
83 99 -289
84 68 -289
84 83 -289
84 84 1156.01
84 85 -289
84 100 -289
85 69 -289
85 84 -289
85 85 1156.01
85 86 -289
85 101 -289
86 70 -289
86 85 -289
86 86 1156.01
86 87 -289
86 102 -289
87 71 -289
87 86 -289
87 87 1156.01
87 88 -289
87 103 -289
88 72 -289
88 87 -289
88 88 1156.01
88 89 -289
88 104 -289
89 73 -289
89 88 -289
89 89 1156.01
89 90 -289
89 105 -289
90 74 -289
90 89 -289
90 90 1156.01
90 91 -289
90 106 -289
91 75 -289
91 90 -289
91 91 1156.01
91 92 -289
91 107 -289
92 76 -289
92 91 -289
92 92 1156.01
92 93 -289
92 108 -289
93 77 -289
93 92 -289
93 93 1156.01
93 94 -289
93 109 -289
94 78 -289
94 93 -289
94 94 1156.01
94 95 -289
94 110 -289
95 79 -289
95 94 -289
95 95 1156.01
95 96 -289
95 111 -289
96 80 -289
96 95 -289
96 96 1156.01
96 112 -289
97 81 -289
97 97 1156.01
97 98 -289
97 113 -289
98 82 -289
98 97 -289
98 98 1156.01
98 99 -289
98 114 -289
99 83 -289
99 98 -289
99 99 1156.01
99 100 -289
99 115 -289
100 84 -289
100 99 -289
100 100 1156.01
100 101 -289
100 116 -289
101 85 -289
101 100 -289
101 101 1156.01
101 102 -289
101 117 -289
102 86 -289
102 101 -289
102 102 1156.01
102 103 -289
102 118 -289
103 87 -289
103 102 -289
103 103 1156.01
103 104 -289
103 119 -289
104 88 -289
104 103 -289
104 104 1156.01
104 105 -289
104 120 -289
105 89 -289
105 104 -289
105 105 1156.01
105 106 -289
105 121 -289
106 90 -289
106 105 -289
106 106 1156.01
106 107 -289
106 122 -289
107 91 -289
107 106 -289
107 107 1156.01
107 108 -289
107 123 -289
108 92 -289
108 107 -289
108 108 1156.01
108 109 -289
108 124 -289
109 93 -289
109 108 -289
109 109 1156.01
109 110 -289
109 125 -289
110 94 -289
110 109 -289
110 110 1156.01
110 111 -289
110 126 -289
111 95 -289
111 110 -289
111 111 1156.01
111 112 -289
111 127 -289
112 96 -289
112 111 -289
112 112 1156.01
112 128 -289
113 97 -289
113 113 1156.01
113 114 -289
113 129 -289
114 98 -289
114 113 -289
114 114 1156.01
114 115 -289
114 130 -289
115 99 -289
115 114 -289
115 115 1156.01
115 116 -289
115 131 -289
116 100 -289
116 115 -289
116 116 1156.01
116 117 -289
116 132 -289
117 101 -289
117 116 -289
117 117 1156.01
117 118 -289
117 133 -289
118 102 -289
118 117 -289
118 118 1156.01
118 119 -289
118 134 -289
119 103 -289
119 118 -289
119 119 1156.01
119 120 -289
119 135 -289
120 104 -289
120 119 -289
120 120 1156.01
120 121 -289
120 136 -289
121 105 -289
121 120 -289
121 121 1156.01
121 122 -289
121 137 -289
122 106 -289
122 121 -289
122 122 1156.01
122 123 -289
122 138 -289
123 107 -289
123 122 -289
123 123 1156.01
123 124 -289
123 139 -289
124 108 -289
124 123 -289
124 124 1156.01
124 125 -289
124 140 -289
125 109 -289
125 124 -289
125 125 1156.01
125 126 -289
125 141 -289
126 110 -289
126 125 -289
126 126 1156.01
126 127 -289
126 142 -289
127 111 -289
127 126 -289
127 127 1156.01
127 128 -289
127 143 -289
128 112 -289
128 127 -289
128 128 1156.01
128 144 -289
129 113 -289
129 129 1156.01
129 130 -289
129 145 -289
130 114 -289
130 129 -289
130 130 1156.01
130 131 -289
130 146 -289
131 115 -289
131 130 -289
131 131 1156.01
131 132 -289
131 147 -289
132 116 -289
132 131 -289
132 132 1156.01
132 133 -289
132 148 -289
133 117 -289
133 132 -289
133 133 1156.01
133 134 -289
133 149 -289
134 118 -289
134 133 -289
134 134 1156.01
134 135 -289
134 150 -289
135 119 -289
135 134 -289
135 135 1156.01
135 136 -289
135 151 -289
136 120 -289
136 135 -289
136 136 1156.01
136 137 -289
136 152 -289
137 121 -289
137 136 -289
137 137 1156.01
137 138 -289
137 153 -289
138 122 -289
138 137 -289
138 138 1156.01
138 139 -289
138 154 -289
139 123 -289
139 138 -289
139 139 1156.01
139 140 -289
139 155 -289
140 124 -289
140 139 -289
140 140 1156.01
140 141 -289
140 156 -289
141 125 -289
141 140 -289
141 141 1156.01
141 142 -289
141 157 -289
142 126 -289
142 141 -289
142 142 1156.01
142 143 -289
142 158 -289
143 127 -289
143 142 -289
143 143 1156.01
143 144 -289
143 159 -289
144 128 -289
144 143 -289
144 144 1156.01
144 160 -289
145 129 -289
145 145 1156.01
145 146 -289
145 161 -289
146 130 -289
146 145 -289
146 146 1156.01
146 147 -289
146 162 -289
147 131 -289
147 146 -289
147 147 1156.01
147 148 -289
147 163 -289
148 132 -289
148 147 -289
148 148 1156.01
148 149 -289
148 164 -289
149 133 -289
149 148 -289
149 149 1156.01
149 150 -289
149 165 -289
150 134 -289
150 149 -289
150 150 1156.01
150 151 -289
150 166 -289
151 135 -289
151 150 -289
151 151 1156.01
151 152 -289
151 167 -289
152 136 -289
152 151 -289
152 152 1156.01
152 153 -289
152 168 -289
153 137 -289
153 152 -289
153 153 1156.01
153 154 -289
153 169 -289
154 138 -289
154 153 -289
154 154 1156.01
154 155 -289
154 170 -289
155 139 -289
155 154 -289
155 155 1156.01
155 156 -289
155 171 -289
156 140 -289
156 155 -289
156 156 1156.01
156 157 -289
156 172 -289
157 141 -289
157 156 -289
157 157 1156.01
157 158 -289
157 173 -289
158 142 -289
158 157 -289
158 158 1156.01
158 159 -289
158 174 -289
159 143 -289
159 158 -289
159 159 1156.01
159 160 -289
159 175 -289
160 144 -289
160 159 -289
160 160 1156.01
160 176 -289
161 145 -289
161 161 1156.01
161 162 -289
161 177 -289
162 146 -289
162 161 -289
162 162 1156.01
162 163 -289
162 178 -289
163 147 -289
163 162 -289
163 163 1156.01
163 164 -289
163 179 -289
164 148 -289
164 163 -289
164 164 1156.01
164 165 -289
164 180 -289
165 149 -289
165 164 -289
165 165 1156.01
165 166 -289
165 181 -289
166 150 -289
166 165 -289
166 166 1156.01
166 167 -289
166 182 -289
167 151 -289
167 166 -289
167 167 1156.01
167 168 -289
167 183 -289
168 152 -289
168 167 -289
168 168 1156.01
168 169 -289
168 184 -289
169 153 -289
169 168 -289
169 169 1156.01
169 170 -289
169 185 -289
170 154 -289
170 169 -289
170 170 1156.01
170 171 -289
170 186 -289
171 155 -289
171 170 -289
171 171 1156.01
171 172 -289
171 187 -289
172 156 -289
172 171 -289
172 172 1156.01
172 173 -289
172 188 -289
173 157 -289
173 172 -289
173 173 1156.01
173 174 -289
173 189 -289
174 158 -289
174 173 -289
174 174 1156.01
174 175 -289
174 190 -289
175 159 -289
175 174 -289
175 175 1156.01
175 176 -289
175 191 -289
176 160 -289
176 175 -289
176 176 1156.01
176 192 -289
177 161 -289
177 177 1156.01
177 178 -289
177 193 -289
178 162 -289
178 177 -289
178 178 1156.01
178 179 -289
178 194 -289
179 163 -289
179 178 -289
179 179 1156.01
179 180 -289
179 195 -289
180 164 -289
180 179 -289
180 180 1156.01
180 181 -289
180 196 -289
181 165 -289
181 180 -289
181 181 1156.01
181 182 -289
181 197 -289
182 166 -289
182 181 -289
182 182 1156.01
182 183 -289
182 198 -289
183 167 -289
183 182 -289
183 183 1156.01
183 184 -289
183 199 -289
184 168 -289
184 183 -289
184 184 1156.01
184 185 -289
184 200 -289
185 169 -289
185 184 -289
185 185 1156.01
185 186 -289
185 201 -289
186 170 -289
186 185 -289
186 186 1156.01
186 187 -289
186 202 -289
187 171 -289
187 186 -289
187 187 1156.01
187 188 -289
187 203 -289
188 172 -289
188 187 -289
188 188 1156.01
188 189 -289
188 204 -289
189 173 -289
189 188 -289
189 189 1156.01
189 190 -289
189 205 -289
190 174 -289
190 189 -289
190 190 1156.01
190 191 -289
190 206 -289
191 175 -289
191 190 -289
191 191 1156.01
191 192 -289
191 207 -289
192 176 -289
192 191 -289
192 192 1156.01
192 208 -289
193 177 -289
193 193 1156.01
193 194 -289
193 209 -289
194 178 -289
194 193 -289
194 194 1156.01
194 195 -289
194 210 -289
195 179 -289
195 194 -289
195 195 1156.01
195 196 -289
195 211 -289
196 180 -289
196 195 -289
196 196 1156.01
196 197 -289
196 212 -289
197 181 -289
197 196 -289
197 197 1156.01
197 198 -289
197 213 -289
198 182 -289
198 197 -289
198 198 1156.01
198 199 -289
198 214 -289
199 183 -289
199 198 -289
199 199 1156.01
199 200 -289
199 215 -289
200 184 -289
200 199 -289
200 200 1156.01
200 201 -289
200 216 -289
201 185 -289
201 200 -289
201 201 1156.01
201 202 -289
201 217 -289
202 186 -289
202 201 -289
202 202 1156.01
202 203 -289
202 218 -289
203 187 -289
203 202 -289
203 203 1156.01
203 204 -289
203 219 -289
204 188 -289
204 203 -289
204 204 1156.01
204 205 -289
204 220 -289
205 189 -289
205 204 -289
205 205 1156.01
205 206 -289
205 221 -289
206 190 -289
206 205 -289
206 206 1156.01
206 207 -289
206 222 -289
207 191 -289
207 206 -289
207 207 1156.01
207 208 -289
207 223 -289
208 192 -289
208 207 -289
208 208 1156.01
208 224 -289
209 193 -289
209 209 1156.01
209 210 -289
209 225 -289
210 194 -289
210 209 -289
210 210 1156.01
210 211 -289
210 226 -289
211 195 -289
211 210 -289
211 211 1156.01
211 212 -289
211 227 -289
212 196 -289
212 211 -289
212 212 1156.01
212 213 -289
212 228 -289
213 197 -289
213 212 -289
213 213 1156.01
213 214 -289
213 229 -289
214 198 -289
214 213 -289
214 214 1156.01
214 215 -289
214 230 -289
215 199 -289
215 214 -289
215 215 1156.01
215 216 -289
215 231 -289
216 200 -289
216 215 -289
216 216 1156.01
216 217 -289
216 232 -289
217 201 -289
217 216 -289
217 217 1156.01
217 218 -289
217 233 -289
218 202 -289
218 217 -289
218 218 1156.01
218 219 -289
218 234 -289
219 203 -289
219 218 -289
219 219 1156.01
219 220 -289
219 235 -289
220 204 -289
220 219 -289
220 220 1156.01
220 221 -289
220 236 -289
221 205 -289
221 220 -289
221 221 1156.01
221 222 -289
221 237 -289
222 206 -289
222 221 -289
222 222 1156.01
222 223 -289
222 238 -289
223 207 -289
223 222 -289
223 223 1156.01
223 224 -289
223 239 -289
224 208 -289
224 223 -289
224 224 1156.01
224 240 -289
225 209 -289
225 225 1156.01
225 226 -289
225 241 -289
226 210 -289
226 225 -289
226 226 1156.01
226 227 -289
226 242 -289
227 211 -289
227 226 -289
227 227 1156.01
227 228 -289
227 243 -289
228 212 -289
228 227 -289
228 228 1156.01
228 229 -289
228 244 -289
229 213 -289
229 228 -289
229 229 1156.01
229 230 -289
229 245 -289
230 214 -289
230 229 -289
230 230 1156.01
230 231 -289
230 246 -289
231 215 -289
231 230 -289
231 231 1156.01
231 232 -289
231 247 -289
232 216 -289
232 231 -289
232 232 1156.01
232 233 -289
232 248 -289
233 217 -289
233 232 -289
233 233 1156.01
233 234 -289
233 249 -289
234 218 -289
234 233 -289
234 234 1156.01
234 235 -289
234 250 -289
235 219 -289
235 234 -289
235 235 1156.01
235 236 -289
235 251 -289
236 220 -289
236 235 -289
236 236 1156.01
236 237 -289
236 252 -289
237 221 -289
237 236 -289
237 237 1156.01
237 238 -289
237 253 -289
238 222 -289
238 237 -289
238 238 1156.01
238 239 -289
238 254 -289
239 223 -289
239 238 -289
239 239 1156.01
239 240 -289
239 255 -289
240 224 -289
240 239 -289
240 240 1156.01
240 256 -289
241 225 -289
241 241 1156.01
241 242 -289
242 226 -289
242 241 -289
242 242 1156.01
242 243 -289
243 227 -289
243 242 -289
243 243 1156.01
243 244 -289
244 228 -289
244 243 -289
244 244 1156.01
244 245 -289
245 229 -289
245 244 -289
245 245 1156.01
245 246 -289
246 230 -289
246 245 -289
246 246 1156.01
246 247 -289
247 231 -289
247 246 -289
247 247 1156.01
247 248 -289
248 232 -289
248 247 -289
248 248 1156.01
248 249 -289
249 233 -289
249 248 -289
249 249 1156.01
249 250 -289
250 234 -289
250 249 -289
250 250 1156.01
250 251 -289
251 235 -289
251 250 -289
251 251 1156.01
251 252 -289
252 236 -289
252 251 -289
252 252 1156.01
252 253 -289
253 237 -289
253 252 -289
253 253 1156.01
253 254 -289
254 238 -289
254 253 -289
254 254 1156.01
254 255 -289
255 239 -289
255 254 -289
255 255 1156.01
255 256 -289
256 240 -289
256 255 -289
256 256 1156.01
b
0 0.517214 0.78346 -0.469214 -1.08435 -1.1839 -0.951514 -0.499569 0.0103869 0.544671 0.919083 0.894157 -0.144537 -0.645923 -0.473205 0 0.517214 -1.06501 -0.783716 0.414234 1.12047 1.06422 0.905056 0.501905 -0.0339173 -0.523012 -1.00143 -0.868273 0.133227 0.618222 0.579718 -0.116383 0.78346 -0.783716 0.124846 0.0558461 0.0856616 0.0290211 0.0678559 0.0592669 0.00728026 0.0255833 -0.107263 -0.0327333 0.092051 0.00509723 0.380461 -0.361951 -0.469214 0.414234 0.0558461 -0.225159 0.0464843 -0.181684 -0.0501759 -0.0450448 0.0245498 0.0487868 -0.0489134 0.0493307 -2.83569e-05 0.0156205 0.257434 -0.268084 -1.08435 1.12047 0.0856616 0.0464843 0.0493269 0.0442091 0.0596527 0.139896 0.139808 0.0678335 -0.049168 0.0450954 -0.057726 0.0596616 -0.273919 0.313314 -1.1839 1.06422 0.0290211 -0.181684 0.0442091 -0.095561 -0.00654292 -0.0184946 0.0359514 0.0464902 -0.0874288 -0.053746 -0.0386105 -0.0316469 -0.990246 0.903178 -0.951514 0.905056 0.0678559 -0.0501759 0.0596527 -0.00654292 -0.0123396 -0.0531316 -0.0328835 0.0211513 -0.0436959 -0.00415277 -0.0100435 0.014706 -0.696152 0.70525 -0.499569 0.501905 0.0592669 -0.0450448 0.139896 -0.0184946 -0.0531316 -0.0451665 -0.0237462 0.011429 -0.00607717 0.0515268 0.0512186 0.00194728 -0.463709 0.388239 0.0103869 -0.0339173 0.00728026 0.0245498 0.139808 0.0359514 -0.0328835 -0.0237462 -0.034562 -0.0142265 -0.0350038 0.10521 0.166193 0.0871304 0.113753 -0.10742 0.544671 -0.523012 0.0255833 0.0487868 0.0678335 0.0464902 0.0211513 0.011429 -0.0142265 -0.0500441 -0.0673459 0.0426254 -0.0311661 0.0356633 0.588028 -0.636136 0.919083 -1.00143 -0.107263 -0.0489134 -0.049168 -0.0874288 -0.0436959 -0.00607717 -0.0350038 -0.0673459 -0.0491729 0.0199778 -0.0552407 -0.0156304 0.879686 -0.963454 0.894157 -0.868273 -0.0327333 0.0493307 0.0450954 -0.053746 -0.00415277 0.0515268 0.10521 0.0426254 0.0199778 0.0593114 -0.0169798 0.0759799 0.978948 -0.995585 -0.144537 0.133227 0.092051 -2.83569e-05 -0.057726 -0.0386105 -0.0100435 0.0512186 0.166193 -0.0311661 -0.0552407 -0.0169798 -0.0789951 0.00190297 0.82353 -0.853384 -0.645923 0.618222 0.00509723 0.0156205 0.0596616 -0.0316469 0.014706 0.00194728 0.0871304 0.0356633 -0.0156304 0.0759799 0.00190297 0.0571149 -0.124416 0.150952 -0.473205 0.579718 0.380461 0.257434 -0.273919 -0.990246 -0.696152 -0.463709 0.113753 0.588028 0.879686 0.978948 0.82353 -0.124416 -1.02742 0.501864 0 -0.116383 -0.361951 -0.268084 0.313314 0.903178 0.70525 0.388239 -0.10742 -0.636136 -0.963454 -0.995585 -0.853384 0.150952 0.501864 0
